132.394716978 -738.994799937 -637.924703734
263.760226011 -734.518607289 -632.740842286
393.348468065 -733.340340015 -631.576557065
520.120447159 -731.378767785 -629.533817038
646.753730059 -730.035632721 -628.414024068
773.508563042 -728.421503579 -626.824399849
905.015058041 -727.866946856 -626.409263876
1137.53973794 -725.551776857 -623.730736329
1413.66719794 -724.530291523 -622.922673263
1690.59310794 -723.194922851 -621.66562805
1966.97977114 -722.335310573 -621.195237788
2246.67392898 -721.625072021 -620.588153732
2529.7832191 -720.821700728 -619.901554766
2807.13713002 -720.193750437 -619.025159457
3043.83517313 -719.460173405 -618.486608069
3321.30009604 -718.617133855 -618.148859293
3451.91094303 -717.688395291 -617.044627189
3578.32861304 -717.040560237 -616.442566054
3704.71078014 -716.435485929 -615.725204965
3831.23396611 -715.710002454 -614.838770647
3957.78329802 -715.106667427 -614.24483663
4084.13569713 -714.512932211 -613.597155598
4210.83675098 -713.950088803 -613.131219487
4337.48518395 -713.228046991 -612.285604119
4464.14415908 -712.448373148 -611.404785288
4590.67432904 -711.738632263 -610.606990269
4717.25588512 -710.904039908 -609.558983485
4843.73445916 -710.111335597 -608.582138749
4970.25824594 -709.401348219 -607.667625202
5096.80772495 -708.785933314 -606.913145671
5225.09963608 -708.208350881 -606.290385059
5351.76660395 -707.547148672 -605.370431555
5478.34943914 -706.862254423 -604.562496962
5604.78516412 -706.317446548 -603.93796269
5731.30580497 -705.652337794 -602.992162226
5857.76855707 -705.004831063 -602.244192796
5984.26397395 -704.464754041 -601.704578343
6110.73794794 -703.979948586 -601.177713279
6237.19041896 -703.518857949 -600.631056803
6363.55143309 -703.081662315 -600.320218862
6489.92267513 -702.683913399 -599.946367136
6616.35518599 -702.312001616 -599.627805211
6742.72768807 -701.931198127 -599.208848585
6869.093503 -701.518239656 -598.899600559
6995.53950906 -701.174146089 -598.616144469
7122.01326394 -700.8301805 -598.36674674
7248.44860601 -700.527818587 -598.135850798
7374.92432499 -700.170111437 -597.594209059
7501.40122199 -699.751604731 -597.180858907
7627.98183894 -699.353207718 -596.816160183
7754.47659612 -699.005855147 -596.559205535
7880.90559316 -698.703498916 -596.131026752
8007.40863204 -698.335527477 -595.803297196
8133.74508309 -698.025580149 -595.309650972
8260.11107397 -697.707896261 -595.142203405
8386.5825491 -697.419349284 -594.834535047
8512.97344303 -697.158925497 -594.732514747
8639.46933794 -696.952652086 -594.581564648
8766.00633097 -696.689371586 -594.401138646
8892.440171 -696.46113389 -594.059615141
9019.02511311 -696.208072206 -593.815423962
9145.51441193 -695.928745261 -593.509996721
9272.00447512 -695.712262917 -593.3935942
9519.74083209 -695.483890612 -593.306511778
9798.23313093 -695.27013773 -592.942005721
10076.8253491 -695.081691286 -592.892583128
10206.7098269 -694.863864834 -592.650113317
10333.2514291 -694.683555448 -592.597921685
10459.909869 -694.508978925 -592.390919401
10586.5131781 -694.308021584 -592.072162362
10713.1039321 -694.064620319 -592.05017917
10839.6472671 -693.879025061 -591.905356613
10966.120276 -693.713535605 -591.658739892
11092.6520431 -693.535510807 -591.506626651
11219.1246691 -693.379327903 -591.530538903
11346.191437 -693.2084163 -591.322882441
11472.7871461 -693.045656989 -591.155812473
11599.3853819 -692.870492229 -591.080953718
11725.8678601 -692.71282888 -590.972131856
11852.4909441 -692.544558643 -590.91420734
11979.01512 -692.357557903 -590.642795051
12105.4187729 -692.161552491 -590.399386898
12231.878015 -691.988899319 -590.230786343
12358.258662 -691.803000507 -590.070249696
12485.324126 -691.643316354 -589.814759069
12612.203649 -691.452252657 -589.620262622
12738.7295802 -691.289227877 -589.561979285
12865.282953 -691.102631695 -589.244184523
12991.7257102 -690.954231646 -589.035665627
13118.167309 -690.823263152 -588.902614139
13244.5323031 -690.657873224 -588.896466425
13370.9379201 -690.505016663 -588.795316035
13497.4254889 -690.366818049 -588.634343292
13623.924463 -690.245103048 -588.551635296
13750.510088 -690.114684728 -588.360124292
13876.8926179 -689.991506517 -588.401690567
14002.81196 -689.871411261 -588.201989861
14129.3209109 -689.763593666 -588.131951553
14255.683342 -689.663196715 -588.043644014
14382.0879271 -689.525134994 -587.856271458
14508.449142 -689.432801141 -587.925276148
14634.4065909 -689.307646939 -587.791559178
14760.877686 -689.20962829 -587.62518365
14887.3449941 -689.109673102 -587.62491897
15013.7626569 -688.997225289 -587.55507343
15140.2250421 -688.90433096 -587.557785569
15266.0984051 -688.800726736 -587.364269501
15392.576673 -688.705641326 -587.334344047
15519.0011141 -688.591169771 -587.313296563
15645.400322 -688.495333481 -587.316545545
15771.322078 -688.424151295 -587.23316579
15897.7015631 -688.305833144 -587.019539661
16024.15678 -688.18284553 -586.897405659
16150.7138979 -688.059654703 -586.760051682
16277.702879 -687.948350561 -586.677030963
16406.0830841 -687.824067588 -586.566935388
16533.3557491 -687.694940809 -586.334269502
16660.386039 -687.647657629 -586.413914703
16787.1280041 -687.565716745 -586.413031669
16913.775382 -687.436464579 -586.330551246
17040.748142 -687.335487256 -586.286588322
17167.7649591 -687.304553517 -586.244776241
17294.7309861 -687.213021811 -586.258034718
17421.441525 -687.128500507 -586.156260454
17548.6759841 -687.067753748 -585.859612378
17675.721772 -686.973655169 -585.913312427
17802.2100801 -686.885581559 -585.811397065
17929.3747721 -686.810292393 -585.724792645
18056.4620051 -686.724675374 -585.823511552
18183.0786331 -686.640531388 -585.678434247
18310.2321022 -686.543803819 -585.644446165
18437.3991241 -686.487635771 -585.432223301
18564.6792021 -686.348231757 -585.450521747
18691.3782361 -686.264120469 -585.3441299
18818.5987539 -686.170542871 -585.230806851
18945.522294 -686.124123533 -585.185912102
19072.6109281 -686.056470308 -585.180635696
19199.609638 -685.947101623 -585.084628156
19326.742368 -685.882335486 -585.052111565
19453.728354 -685.786202458 -585.010006308
19580.7604949 -685.741210258 -584.93244531
19707.351469 -685.622098185 -584.746257182
19833.760103 -685.541028638 -584.680851482
19960.226707 -685.473398189 -584.557447151
20086.5944741 -685.406050582 -584.497784854
20212.72666 -685.31947989 -584.429359573
20339.1379311 -685.302585718 -584.539581934
20465.1317251 -685.17570238 -584.322578434
20591.7545881 -685.147480907 -584.223222257
20718.4576371 -685.068489575 -584.211068498
20848.0727561 -684.988977753 -584.199409866
20974.676168 -684.919349601 -584.210456967
21100.5536671 -684.836469647 -584.053952991
21226.9688141 -684.786471648 -583.983834444
21353.4204321 -684.686427099 -583.928221786
21479.8022339 -684.642473295 -584.01054237
21605.6569099 -684.566277195 -583.88964859
21732.0169539 -684.508639476 -583.789856429
21858.390635 -684.432179523 -583.724223774
21984.7284431 -684.404855809 -583.643815685
22111.0257699 -684.337962424 -583.701700811
22236.828306 -684.29598671 -583.518594959
22363.035068 -684.246413219 -583.546374235
22488.886349 -684.172593394 -583.472231625
22615.22558 -684.111870866 -583.469041887
22741.4756441 -684.0800047 -583.547359182
22867.2935851 -684.018188837 -583.423809393
22993.4489741 -683.971837167 -583.263884594
23119.7015631 -683.917583322 -583.315795008
23245.5425181 -683.8879654 -583.394021501
23371.3614051 -683.798364611 -583.171537617
23497.5773101 -683.735486766 -583.108169399
23623.7402041 -683.686964931 -583.178101291
23749.5348511 -683.654970624 -583.061338659
23876.1192751 -683.598049473 -583.086227759
24002.4873631 -683.545140262 -583.135993257
24128.6693211 -683.503830759 -582.937226161
24255.4111559 -683.472403564 -583.018354225
24381.434257 -683.405450236 -582.900553456
24507.9599831 -683.375188048 -582.861312375
24634.5339141 -683.302424732 -582.874457467
24760.4440231 -683.242567143 -582.809035727
24886.9326 -683.168156401 -582.836386306
25015.8288441 -683.114565248 -582.590356768
25142.776865 -683.057300774 -582.603440827
25272.1243131 -682.988093499 -582.660958509
25401.2712979 -682.970613576 -582.507500585
25528.3288131 -682.909993732 -582.461223456
25657.403744 -682.825799684 -582.506975342
25783.3783221 -682.793440626 -582.403427471
25909.8828771 -682.761630041 -582.418776597
26036.0656691 -682.70348264 -582.339909618
26162.5871999 -682.669378566 -582.223175224
26288.9563961 -682.60737614 -582.273908194
26414.9764822 -682.546793579 -582.209319205
26541.4185481 -682.499236035 -582.107440439
26667.8078752 -682.456751216 -582.167656333
26793.706032 -682.449583564 -582.236266691
26919.958709 -682.408324078 -582.067245409
27046.4955761 -682.366680086 -582.10938435
27172.551641 -682.319756958 -582.175123135
27298.4089091 -682.252429927 -581.928989869
27424.7139511 -682.237955913 -582.012719139
27550.661937 -682.169335589 -581.875496203
27676.9032741 -682.147533252 -581.777786016
27803.3763361 -682.086375939 -581.977302551
27929.345253 -682.070144533 -581.801548073
28055.1915121 -682.025789531 -581.76438573
28181.6360381 -681.976663302 -581.775868633
28307.5700281 -681.951814539 -581.713208549
28433.9986579 -681.90632661 -581.819963654
28559.8838441 -681.846911268 -581.708843396
28686.329885 -681.821106538 -581.530010922
28812.741816 -681.766198206 -581.502636797
28938.9633231 -681.757666133 -581.534355919
29064.960727 -681.697044715 -581.558447137
29190.9447401 -681.670403648 -581.489874171
29317.4396751 -681.645668405 -581.530488368
29443.2704201 -681.589147824 -581.525282863
29569.285815 -681.551458094 -581.525157071
29695.252969 -681.547838013 -581.397730509
29821.721385 -681.489026677 -581.428279025
29947.6279261 -681.46423512 -581.220492259
30073.921613 -681.442990244 -581.527298616
30199.7870719 -681.367139389 -581.425956309
30325.8945022 -681.374694256 -581.521218874
30452.0816951 -681.364275312 -581.39692627
30579.1381061 -681.267732856 -581.273457501
30706.0942011 -681.229234313 -581.232594318
30832.2374611 -681.183504458 -581.325792918
30958.2594001 -681.174987499 -581.147798952
31084.7852271 -681.158407727 -581.184130676
31210.6843569 -681.124208643 -581.163697193
31336.5804031 -681.100485533 -581.202032067
31462.4208231 -681.044792469 -581.174849137
31588.5389991 -681.044392065 -580.9905577
31715.3857989 -681.013994292 -581.127761047
31841.9443071 -680.927535793 -581.08207632
31970.4971302 -680.91015578 -581.049845466
32096.523788 -680.871148208 -581.17252624
32222.606375 -680.843187071 -581.157064947
32348.6155109 -680.815816023 -581.009133076
32474.3544021 -680.776653577 -580.994827857
32600.2923441 -680.779426574 -580.887013825
32726.725637 -680.702943186 -580.905113766
32852.671814 -680.666315015 -580.785592401
32979.1394701 -680.649098205 -580.77678456
33105.4740381 -680.645101352 -581.122321637
33231.3492332 -680.626130774 -580.878367786
33357.1348431 -680.573610245 -580.765506898
33483.6131601 -680.511916723 -580.733225951
33609.9459701 -680.505564091 -580.763804488
33735.8388591 -680.441890235 -580.850496112
33861.797286 -680.438722172 -580.688030703
33988.1265121 -680.423024585 -580.800089656
34114.089025 -680.372133726 -580.608657957
34240.393887 -680.411933373 -580.829251639
34366.3126271 -680.362952694 -580.706522291
34492.143784 -680.316336625 -580.679777078
34618.0262001 -680.346593247 -580.628461568
34744.047375 -680.251390872 -580.543705008
34870.4821711 -680.207016764 -580.568416586
34996.317513 -680.187895145 -580.65080362
35122.268955 -680.137104256 -580.51945671
35248.608052 -680.116590039 -580.611097335
35374.513222 -680.10544572 -580.536540404
35500.4684381 -680.079705806 -580.594041711
35626.318399 -680.057413616 -580.381848753
35752.8210051 -680.017461104 -580.568559606
35878.7733881 -679.965740214 -580.34676902
36005.1770601 -679.96627949 -580.3969546
36131.115839 -679.9380047 -580.631408309
36257.1177711 -679.945839143 -580.418263056
36382.936307 -679.874138024 -580.229227921
36509.32497 -679.801963376 -580.149249177
36635.70631 -679.768334857 -580.270190364
36761.6412079 -679.726612129 -580.245974565
36887.5397301 -679.725794616 -580.056886175
37013.7858779 -679.686056219 -580.105439903
37139.692369 -679.646362203 -580.077052116
37265.4784791 -679.647951123 -580.119815525
37391.3638561 -679.581670753 -580.021368173
37517.70593 -679.614175598 -580.065103017
37643.632061 -679.543119612 -579.946590448
37770.0840871 -679.523272839 -580.040952816
37896.103399 -679.479552552 -579.993987477
38022.033145 -679.470380176 -580.012276001
38147.97543 -679.457602958 -580.149836826
38273.8459501 -679.413852105 -579.840548914
38400.185621 -679.40380464 -579.86272404
38526.121243 -679.388485584 -579.803933115
38652.413842 -679.34128483 -579.883618173
38778.358398 -679.326163101 -579.85292674
38904.206784 -679.335673997 -579.812773105
39030.1242301 -679.293892572 -580.035568309
39155.975878 -679.272098446 -579.797309417
39282.1337512 -679.244135472 -579.741885035
39408.4261041 -679.223805203 -579.758417503
39534.189631 -679.203354556 -579.772204155
39660.0891941 -679.175680673 -579.794296551
39785.7762911 -679.149333265 -579.690717762
39911.953763 -679.120447781 -580.14780313
40037.8104291 -679.08051539 -579.593484693
40164.1022701 -679.079612178 -579.754475667
40289.931977 -679.048495206 -579.73859627
40415.8608851 -679.038912776 -579.730725202
40541.6814711 -679.03551665 -579.765508852
40667.5584691 -679.027065159 -579.647466065
40793.386004 -678.969337551 -579.661743629
40919.1923981 -678.95461307 -579.632968971
41045.0170631 -678.921736835 -579.597324459
41170.8928571 -678.892203136 -579.675732539
41296.6909599 -678.866908911 -579.6544782
41422.3714011 -678.890703279 -579.391443182
41548.7058461 -678.841086943 -579.472445146
41674.603467 -678.864468166 -579.462774122
41800.516686 -678.82792446 -579.643709136
41926.388273 -678.790735564 -579.528299009
42052.085356 -678.765360888 -579.323136252
42178.5931339 -678.742608114 -579.594405903
42304.4057541 -678.742189915 -579.417124913
42430.176003 -678.723553467 -579.297645704
42556.4171782 -678.741322416 -579.619436523
42682.1873829 -678.69901745 -579.362505587
42807.912214 -678.637113494 -579.46960899
42933.753613 -678.643995803 -579.537351002
43059.6769361 -678.621145863 -579.371775236
43185.579267 -678.577171918 -579.364474727
43311.62537 -678.537473123 -579.387288869
43437.514482 -678.519370002 -579.35301363
43563.335999 -678.527771943 -579.254774668
43689.737951 -678.481758218 -579.22562031
43816.0577731 -678.537499433 -579.325573993
43941.9417892 -678.454695149 -579.318085131
44067.6507189 -678.461138786 -579.414010625
44193.5153019 -678.429519127 -579.136999797
44319.8717511 -678.408216987 -579.420671568
44445.7087281 -678.408778426 -579.247888436
44571.6656229 -678.361467029 -579.113931145
44697.8040071 -678.354190211 -579.210595353
44823.5108321 -678.362834858 -579.346965199
44949.4557271 -678.332600164 -579.19436701
45075.129565 -678.284756064 -579.298356818
45200.852284 -678.297700895 -579.044549176
45327.0472159 -678.247018918 -579.208127156
45452.8888671 -678.230606722 -579.058573029
45578.7276361 -678.206322442 -579.238039952
45704.4454961 -678.205826917 -579.300032457
45830.2303979 -678.188240773 -579.246825535
45956.0638959 -678.223089776 -579.245371742
46081.8680232 -678.159556441 -579.001338453
46208.047183 -678.113185438 -579.112291393
46333.850522 -678.143689738 -579.115741825
46459.576205 -678.079627372 -579.082450998
46585.4375441 -678.089186826 -579.049199392
46711.226912 -678.05375314 -579.022804761
46837.062058 -678.039831654 -578.983851687
46963.3748701 -678.006018231 -579.027954237
47089.1539919 -678.014980482 -579.06423943
47214.9790201 -678.022824362 -578.869527113
47341.3396981 -677.980134634 -578.961527953
47467.1706619 -677.961955842 -579.069490479
47592.9556971 -677.909438791 -579.154764839
47718.8149211 -677.905702333 -578.852799222
47845.081656 -677.886918352 -578.983568587
47970.9099581 -677.910855775 -578.99370655
48096.7702 -677.8737574 -578.964267153
48222.427629 -677.838465782 -579.153038252
48348.2567961 -677.828141346 -578.87786892
48473.9882259 -677.801983998 -578.932082726
48599.738513 -677.792471647 -578.95892068
48725.5191581 -677.769239455 -579.081678879
48851.387183 -677.760788601 -578.928449999
48977.2187262 -677.75130953 -578.916396996
49103.0381839 -677.708766057 -578.848461448
49229.466692 -677.712166217 -578.833450557
49355.9972701 -677.680273532 -578.81660143
49483.08198 -677.67397712 -578.792170591
49610.4293861 -677.676493766 -578.871856541
49736.4454851 -677.620097181 -578.926177498
49862.430531 -677.636074393 -578.861354018
49988.152823 -677.648650316 -578.884747498
50113.964947 -677.620819851 -578.873416763
50239.684983 -677.579015583 -578.773009185
50366.0639081 -677.583579486 -578.796854168
50491.8464861 -677.621581075 -579.174406283
50617.4738441 -677.54240093 -578.889753805
50743.3909831 -677.539127571 -578.726868702
50869.6694291 -677.529554503 -578.575217287
50995.94066 -677.503500077 -578.656208526
51121.7616889 -677.446466034 -578.795608391
51247.609401 -677.461873277 -578.836880386
51373.481802 -677.436120009 -578.667025908
51499.291189 -677.418681126 -578.67386671
51625.052532 -677.447370955 -578.735133759
51750.9007101 -677.394411969 -578.736840186
51876.5129001 -677.368109153 -578.592485251
52002.338454 -677.367623509 -578.482693134
52128.7208831 -677.332040607 -578.475929801
52254.923269 -677.325272004 -578.592108204
52380.780987 -677.30416626 -578.618546389
52506.6323571 -677.321450268 -578.650885132
52632.330539 -677.298868582 -578.565897344
52758.039855 -677.315463524 -578.962614869
52883.9633381 -677.312607797 -578.711298081
53009.8505549 -677.240393919 -578.471439321
53136.1722441 -677.234014647 -578.587938489
53262.030019 -677.220437862 -578.51998894
53387.8125529 -677.202728224 -578.416365457
53514.152415 -677.185346305 -578.524040523
53640.0399191 -677.175350771 -578.534455948
53765.8483701 -677.173914416 -578.500479006
53891.70996 -677.143062991 -578.584659218
54017.4994152 -677.166616618 -578.519871751
54143.661598 -677.188651127 -578.576279535
54270.2308211 -677.133724604 -578.551137528
54396.3697491 -677.097211648 -578.49256301
54522.575233 -677.097984406 -578.710444559
54648.538245 -677.080069282 -578.414079943
54774.8997769 -677.051364289 -578.434660255
54900.9180651 -677.031683587 -578.483564535
55026.6151271 -677.014792479 -578.446248272
55152.3829889 -677.013633397 -578.483267369
55278.1127541 -676.977796626 -578.396156394
55404.3542089 -676.982423156 -578.422094784
55530.0891891 -676.968431199 -578.425547453
55655.9186761 -676.957799035 -578.428996329
55781.954778 -676.935642418 -578.371041077
55908.3934159 -676.907964266 -578.362304611
56038.022418 -676.910773496 -578.356816237
56164.4238679 -676.940326747 -578.594221755
56290.446131 -676.893161276 -578.508710968
56416.232991 -676.85401297 -578.448063948
56542.170213 -676.841038476 -578.290971636
56668.460109 -676.832539367 -578.235697342
56794.6259902 -676.847539652 -578.251303104
56920.488306 -676.839988607 -578.383879428
57046.474447 -676.80960446 -578.345051228
57172.382098 -676.790950897 -578.462700658
57298.230592 -676.781868763 -578.305080612
57424.0390069 -676.752964823 -578.16887138
57550.3802681 -676.779541885 -578.257734065
57676.2935481 -676.739586852 -578.41666285
57802.182528 -676.759320798 -578.265583051
57927.930934 -676.718170742 -578.400438818
58053.6767001 -676.742129799 -578.357377774
58179.4144452 -676.700051686 -578.335695929
58305.042968 -676.673771854 -578.344606869
58430.7842209 -676.669076597 -578.142303476
58556.9403582 -676.699994957 -578.271868071
58682.6212621 -676.626454661 -578.170236383
58808.468323 -676.655412374 -578.390185067
58934.2673202 -676.616488389 -578.194299233
59060.1262841 -676.626851955 -578.191348407
59186.0154572 -676.62581272 -578.414100027
59311.8096261 -676.582730514 -578.178375863
59437.697763 -676.581114745 -578.177587117
59563.5569329 -676.557991128 -578.263447406
59689.3840981 -676.567115469 -578.08368473
59815.6634951 -676.521990563 -578.160259706
59941.3953011 -676.566028306 -578.213345063
60067.236063 -676.53415238 -578.304169278
60192.920572 -676.481014555 -578.115016769
60318.6633019 -676.463064863 -578.156240875
60444.4240861 -676.502757788 -578.103928587
60570.220705 -676.449677688 -578.10405305
60695.9867051 -676.457682892 -578.067882158
60822.1969991 -676.427394433 -577.96418787
60948.5385191 -676.413277431 -578.173821687
61074.3864751 -676.40490639 -578.179027854
61200.253485 -676.405918241 -578.145240236
61326.117636 -676.417588571 -578.207516423
61451.8246009 -676.402063125 -578.277207589
61577.7770851 -676.354499851 -578.18496255
61704.2810431 -676.347602857 -577.976109301
61830.2185841 -676.3340388 -578.026580178
61956.4100211 -676.352680244 -578.074600454
62082.3655341 -676.329461093 -578.206750602
62208.357012 -676.304298939 -578.125816596
62334.3450551 -676.301285225 -578.135763519
62460.1308961 -676.296433608 -578.004273765
62585.9809561 -676.252854157 -578.099257595
62711.743644 -676.280066301 -578.070839945
62837.575403 -676.289016271 -578.142694929
62963.5089819 -676.222676323 -578.266188088
63089.3191381 -676.200487299 -577.925920289
63215.4558651 -676.221146141 -578.079939527
63341.252799 -676.202139309 -578.001474463
63467.1213779 -676.199033026 -578.145060477
63592.935185 -676.182216795 -578.021190927
63718.8387291 -676.16582693 -577.93301916
63844.5833111 -676.138927687 -578.074294943
63970.2142839 -676.189013975 -577.963987853
64096.088378 -676.148388157 -578.013225596
64221.980788 -676.188021321 -578.299975006
64347.677547 -676.188877177 -578.31810741
64473.418643 -676.137755935 -578.060785945
64599.161902 -676.052332522 -578.100741193
64725.0672209 -676.079993 -577.998387015
64850.805614 -676.115681351 -577.854546067
64977.1931322 -676.078936252 -578.000269705
65103.0638762 -676.048631839 -577.982249813
65229.012718 -676.024260349 -577.825131822
65355.298979 -676.029106863 -577.818371148
65481.6512861 -676.026986214 -577.976700723
65607.3970211 -676.053075306 -578.125466324
65733.1918399 -676.014794359 -578.063991479
65859.079324 -675.97970753 -577.882876229
65984.748033 -675.986690914 -577.912930166
66110.3946671 -675.945630186 -577.894171192
66236.2167871 -675.945933863 -577.959466863
66361.9771659 -675.943102556 -577.9125772
66487.7649081 -675.944947206 -577.888084265
66613.592772 -675.932370805 -577.753958054
66739.9651241 -675.913022615 -577.905932113
66865.8612142 -675.896034656 -577.909335834
66991.780997 -675.881881305 -577.83940483
67117.684345 -675.902569556 -577.853120193
67243.5047162 -675.895029111 -577.974751727
67369.4537661 -675.846330328 -577.786985024
67495.3496561 -675.870997024 -577.936156745
67621.2628779 -675.916830488 -578.073451077
67747.1199541 -675.910022019 -577.936747661
67872.906354 -675.825728545 -577.880758663
67998.7656159 -675.848781758 -577.853850797
68124.8657711 -675.800226463 -577.715731805
68251.1485951 -675.790808797 -577.90937614
68376.938957 -675.791668775 -577.808393115
68502.706085 -675.801314278 -577.879706694
68628.570576 -675.770320142 -577.67566538
68754.902741 -675.773718724 -577.739569206
68880.7993371 -675.738272998 -577.868793623
69006.9414129 -675.74118695 -577.870227175
69133.201474 -675.709726097 -577.762486982
69260.892988 -675.740107975 -577.778091432
69386.939153 -675.715332412 -577.991852462
69512.936743 -675.686189327 -577.782368594
69638.9839261 -675.697649886 -577.818987179
69764.8833761 -675.751076374 -577.914385838
69890.693553 -675.722659227 -577.861691244
70016.435267 -675.655514175 -577.890663644
70142.4206791 -675.676217182 -577.590587913
70268.818486 -675.654158439 -577.90261365
70394.6810482 -675.619206187 -577.866305084
70520.594219 -675.62613561 -577.769677063
70646.380374 -675.603779391 -577.672058955
70772.3297219 -675.625408592 -577.724333468
70898.137876 -675.598048263 -577.757970969
71023.911227 -675.594506073 -577.704589555
71149.8339369 -675.582870166 -577.560025408
71276.2110841 -675.562259252 -577.678926719
71402.1189191 -675.56459062 -577.699318446
71527.9545901 -675.549486288 -577.622563867
71653.8576491 -675.544863069 -577.709365654
71779.7532489 -675.562226902 -577.680975556
71905.655705 -675.474785843 -577.772299701
72031.6380391 -675.494973337 -577.602662683
72157.5003121 -675.492022987 -577.58807992
72283.3862081 -675.482788252 -577.893964893
72408.9934661 -675.491631217 -577.824264931
72535.0255811 -675.484295701 -577.570316406
72660.9275081 -675.471667713 -577.668112288
72786.9403231 -675.471669701 -577.756596586
72912.9413271 -675.420211637 -577.698674301
73038.9226341 -675.454120594 -577.53111411
73165.3474591 -675.430181446 -577.587311395
73291.41589 -675.441385041 -577.644649755
73417.3934171 -675.401391196 -577.57392588
73543.4140019 -675.423190063 -577.529370433
73669.8619831 -675.381447416 -577.477505948
73796.171427 -675.411672257 -577.565046807
73921.997237 -675.372035085 -577.683839273
74047.861501 -675.376119132 -577.503797918
74173.7692502 -675.368117227 -577.609503107
74299.7641652 -675.351765169 -577.616380103
74425.72806 -675.323841239 -577.528474937
74551.552634 -675.34736638 -577.611268879
74677.2626669 -675.31322484 -577.478098143
74803.0366321 -675.33236175 -577.72947544
74929.029743 -675.294842722 -577.557593168
75054.939748 -675.297991578 -577.41619026
75181.374692 -675.293779159 -577.608892118
75307.1543941 -675.285286772 -577.744331228
75433.19683 -675.302069182 -577.528535607
75559.316546 -675.255492443 -577.497322558
75685.2923031 -675.245273068 -577.533085176
75811.4152291 -675.268785587 -577.434939659
75937.3842361 -675.269713068 -577.460006736
76063.544585 -675.248465351 -577.383801914
76190.0281141 -675.179639995 -577.638606776
76316.0181811 -675.209764724 -577.464068673
76441.7373061 -675.234891127 -577.535199348
76567.5696661 -675.197133154 -577.540221681
76693.4224391 -675.195629675 -577.513365779
76819.357661 -675.172917935 -577.531069842
76945.360728 -675.216784338 -577.602513267
77071.2406421 -675.167251834 -577.523212439
77197.172107 -675.131860563 -577.436919169
77323.214489 -675.16192714 -577.477981117
77449.2863979 -675.138199895 -577.4484644
77575.3425121 -675.121352417 -577.345585339
77701.6618881 -675.124693408 -577.579864356
77827.555764 -675.104289125 -577.463907623
77953.4282901 -675.108315836 -577.456585967
78079.2644551 -675.103224913 -577.459572414
78205.2098131 -675.084441379 -577.568760767
78331.2677951 -675.067163994 -577.445116223
78457.3017011 -675.054968809 -577.503290313
78583.2962132 -675.070310984 -577.329610306
78709.6578901 -675.025894987 -577.326580604
78836.043859 -675.059063122 -577.487712838
78961.945235 -675.072051662 -577.294183589
79088.2637839 -675.04979941 -577.503626929
79214.155894 -675.132377747 -577.451557177
79340.1229351 -675.004438816 -577.326674872
79466.0751331 -674.990971044 -577.563017117
79592.0051701 -674.989160989 -577.463625007
79717.902421 -674.999754993 -577.540594896
79843.8887792 -675.018652533 -577.352371489
79969.7922201 -674.977876236 -577.321686711
80095.7420471 -674.985894732 -577.37946143
80221.649477 -674.993040089 -577.559504911
80347.5861452 -674.953142118 -577.483882679
80473.5537829 -674.96344155 -577.514853542
80599.4978189 -674.947958144 -577.297040569
80725.5151742 -674.927210853 -577.500915584
80851.4873431 -674.923806947 -577.198799999
80978.0247111 -674.930131151 -577.308697428
81103.9204931 -674.903469999 -577.459255094
81229.7779181 -674.878504192 -577.420135861
81355.7535172 -674.884805307 -577.197178204
81482.1195421 -674.870198086 -577.378958231
81608.2422881 -674.854036035 -577.452621459
81734.263581 -674.895749458 -577.428597197
81860.1749251 -674.8257604 -577.398861191
81986.0979121 -674.898895637 -577.591801188
82111.8977029 -674.851998607 -577.352768441
82237.9262791 -674.833352883 -577.55494023
82363.8455451 -674.83839081 -577.342720532
82489.8255081 -674.821721976 -577.291483809
82615.5933671 -674.806678051 -577.395620949
82741.4785299 -674.852672091 -577.722370884
82867.382622 -674.900331186 -577.245525954
82993.3689511 -674.780935759 -577.437048668
83119.1808829 -674.787990113 -577.290164357
83245.151124 -674.754349876 -577.40330198
83371.0853181 -674.757816127 -577.288397416
83497.11533 -674.753831759 -577.195155961
83623.5281429 -674.742323594 -577.222349308
83749.434792 -674.75543031 -577.282242724
83875.233043 -674.731650318 -577.364778214
84000.9619219 -674.722655086 -577.24798619
84126.776854 -674.736917933 -577.304528436
84252.726486 -674.696168405 -577.238933276
84378.576736 -674.717625172 -577.147767927
84504.892602 -674.698911722 -577.318149635
84630.8303821 -674.667398956 -577.135588558
84757.144166 -674.702261977 -577.181143092
84883.056103 -674.673498604 -577.240911881
85008.8292232 -674.691966943 -577.411186535
85134.589376 -674.65421981 -577.092511028
85260.8134971 -674.64536437 -577.148416598
85386.659416 -674.641702084 -577.261025985
85512.5629342 -674.643229031 -577.245866678
85638.4560621 -674.656587612 -577.603785294
85764.325115 -674.647059201 -577.390087599
85890.042289 -674.623699457 -577.315328482
86015.964045 -674.62553703 -577.143920918
86141.7972341 -674.589082244 -577.183237471
86268.0412991 -674.647839915 -577.198064866
86396.2213371 -674.611857231 -577.321826365
86522.150553 -674.596916312 -577.155458817
86648.2138801 -674.579339486 -577.346614618
86774.2340991 -674.563915388 -577.291005548
86900.1306741 -674.581426601 -577.054779935
87026.4709251 -674.565566938 -577.092744122
87152.371911 -674.535494035 -577.15879923
87278.2676311 -674.548426803 -577.328544198
87404.303848 -674.531245667 -577.215809271
87530.31444 -674.521983949 -577.241473114
87656.257792 -674.518070064 -577.445314625
87782.1780591 -674.494485941 -577.164345101
87908.103792 -674.496018039 -577.125194248
88034.027575 -674.513906105 -577.068934357
88159.95857 -674.504680433 -577.259340281
88285.8932631 -674.483483473 -577.029054799
88412.270484 -674.481904859 -577.402721426
88538.1760612 -674.454791821 -577.068149587
88664.0998011 -674.461693732 -577.194066322
88790.1577141 -674.466917206 -576.970358077
88916.482439 -674.475700722 -577.06249262
89042.514935 -674.437748607 -577.066016123
89168.3397121 -674.414922106 -577.092265947
89294.2875869 -674.433063855 -577.125475591
89420.2081251 -674.421623241 -577.077862914
89545.9627271 -674.419203813 -577.105567976
89671.874269 -674.416770015 -577.189184933
89797.673156 -674.395322793 -577.063731579
89923.558872 -674.406366099 -577.010913763
90049.442147 -674.396911196 -577.084086706
90175.2598701 -674.396527088 -577.126581107
90301.056814 -674.422704194 -577.08168968
90426.804965 -674.385793628 -577.15365175
90552.730284 -674.368751566 -577.055749453
90678.5596931 -674.352018267 -576.978868009
90804.4452021 -674.325281577 -577.024304322
90930.3839571 -674.353179072 -577.061826095
91056.219883 -674.339976616 -577.126697487
91182.184711 -674.321792949 -577.037746627
91308.0857151 -674.328660334 -577.117686679
91433.7980161 -674.330475091 -577.005539281
91559.4375679 -674.296784435 -577.060838542
91685.109899 -674.327431581 -577.014101774
91810.6920171 -674.282961498 -577.011746079
91936.3349411 -674.294420317 -577.037042315
92062.003583 -674.271858724 -577.126879006
92187.6049562 -674.275851039 -576.950342764
92313.725219 -674.244624129 -576.868979488
92439.6703382 -674.268792398 -577.141749751
92565.2584281 -674.277314267 -577.043430165
92690.897052 -674.252908258 -576.980518218
92816.6106741 -674.236394227 -576.953734366
92942.3567581 -674.253188103 -576.913083767
93068.018976 -674.220882169 -576.947967028
93193.72628 -674.253811636 -577.019139149
93319.4894791 -674.19457859 -576.990334957
93445.1033549 -674.220112316 -576.883478074
93570.6195931 -674.185137232 -577.245375659
93696.2597711 -674.256350671 -577.002671232
93821.8222041 -674.196084361 -577.019305954
93947.517951 -674.20076474 -577.112734349
94073.196245 -674.222857631 -576.907369319
94198.8814211 -674.173216343 -576.900121372
94324.521132 -674.17467732 -577.032075716
94450.0354249 -674.145349218 -576.879278468
94575.801801 -674.180989794 -576.85030371
94702.0703549 -674.146821085 -576.81174947
94828.3085971 -674.128601628 -577.027328907
94954.074558 -674.125942647 -576.904701689
95079.970619 -674.158748694 -577.180997212
95205.7531571 -674.147852885 -577.027075951
95331.5696831 -674.093995061 -577.002624954
95457.335391 -674.103127379 -577.087082547
95583.0925741 -674.09939333 -577.000229339
95708.731262 -674.082308256 -576.983947407
95834.538878 -674.085791456 -576.818380258
95960.190737 -674.083748244 -576.917039077
96085.9903181 -674.081982803 -576.747385933
96212.200305 -674.060709153 -576.93421407
96337.930778 -674.076841334 -576.875864819
96463.762532 -674.070948232 -577.0309256
96589.5596471 -674.037424169 -576.853325811
96715.301935 -674.065664765 -576.933941459
96841.1709781 -674.039650949 -577.121009939
96966.966717 -674.008401087 -576.908908816
97092.779886 -674.075782531 -576.865492513
97218.514473 -674.034426161 -576.821600934
97344.197284 -674.003016147 -576.885557144
97469.9617281 -674.007046958 -576.987708038
97595.6740551 -674.015210605 -576.895685275
97721.4015341 -673.993836847 -576.775316223
97847.1702909 -674.024951206 -576.885023254
97972.878355 -673.969319821 -577.006255835
98098.6624901 -674.002719985 -576.91092788
98224.225481 -674.008500023 -576.984375027
98349.901499 -673.964910549 -576.736752901
98476.103847 -674.000441761 -577.013284691
98601.915447 -673.963398173 -576.823036987
98727.6998501 -673.963230172 -577.006914999
98853.2660491 -673.948201947 -576.867016306
98978.9291961 -673.953685758 -576.984718454
99104.489728 -673.938311963 -576.91847629
99230.2948291 -673.922685232 -576.89747807
99356.1611421 -673.940241027 -576.966874907
99482.0172791 -673.935425378 -576.825699532
99607.880409 -673.90061098 -576.707361775
99734.060184 -673.900101802 -576.969346995
99859.7669749 -673.907524876 -576.801945459
99985.6542661 -673.876089899 -576.866921703
100111.424786 -673.884998206 -576.837541426
100237.190647 -673.93351479 -576.777358379
100362.904212 -673.879893345 -576.828444355
100488.665034 -673.882828999 -576.772154006
100614.40911 -673.878774182 -577.062022535
100740.23456 -673.900366404 -576.75459818
100866.027889 -673.861868315 -576.826873299
100991.798409 -673.879795587 -576.824004985
101117.545795 -673.837153173 -576.849988119
101243.414574 -673.871039855 -577.09327606
101369.265081 -673.830014221 -576.648483799
101495.620132 -673.858071998 -576.665781959
101621.53407 -673.82783655 -576.729221715
101747.417152 -673.813900375 -576.79228711
101873.16271 -673.886824055 -576.808239573
101998.85897 -673.820658978 -576.66015053
102124.747205 -673.801670875 -576.922988291
102250.529619 -673.815184941 -576.755729621
102376.425302 -673.790500521 -577.025705212
102502.297598 -673.795872617 -576.778371286
102628.05477 -673.798189246 -576.693321213
102753.978034 -673.846263683 -576.734601767
102879.850336 -673.810929415 -576.699153285
103005.70952 -673.755054386 -576.556888788
103131.96083 -673.791336744 -576.790856187
103257.80208 -673.77754224 -576.680546425
103383.635638 -673.759423842 -576.815215689
103509.467887 -673.735305367 -576.915133079
103635.161719 -673.745025146 -576.781825639
103761.020339 -673.757629626 -576.674549496
103886.876656 -673.73489576 -576.81949358
104012.757562 -673.743038271 -576.765356363
104138.583441 -673.72939946 -576.629918519
104264.262079 -673.7432128 -576.633087391
104390.111775 -673.718581201 -576.660931881
104515.692076 -673.698717467 -576.647696388
104641.570826 -673.728047821 -576.8009781
104767.213158 -673.692494461 -576.763705552
104892.980231 -673.677833919 -576.746325265
105018.847375 -673.682887102 -576.727130082
105144.987365 -673.753654868 -576.980762079
105271.445177 -673.666751311 -576.722931649
105399.414285 -673.66144858 -576.578681656
105525.354258 -673.67611374 -576.736770455
105651.047889 -673.663388239 -577.459507673
105776.850298 -673.655395003 -576.642793988
105902.653751 -673.656715509 -576.764607344
106028.302834 -673.667509051 -576.698551452
106154.031869 -673.649900523 -576.546066538
106280.18502 -673.600987517 -576.752502843
106405.853766 -673.655346275 -576.741621131
106531.570357 -673.611579887 -576.821923827
106657.196562 -673.630606008 -576.623826574
106782.987667 -673.627383147 -576.770193871
106908.752994 -673.605759645 -576.632292975
107034.490758 -673.626921782 -576.856858764
107160.281169 -673.559498594 -576.536283876
107286.347349 -673.641418695 -576.62685321
107412.030766 -673.588014901 -576.769983715
107537.656157 -673.596170613 -576.687796831
107663.46512 -673.563479898 -576.855727143
107789.342507 -673.575161024 -576.800836368
107915.362822 -673.559525232 -576.596074847
108041.278079 -673.583057404 -576.578456029
108167.195746 -673.544046386 -576.63609051
108293.060887 -673.573386735 -576.519870615
108419.274453 -673.536942712 -576.620455556
108544.924106 -673.546995689 -576.721127459
108670.645041 -673.509999322 -576.694756778
108796.326349 -673.515445227 -576.640750678
108922.114067 -673.524590917 -576.67825954
109047.894875 -673.535008623 -576.537243667
109173.667404 -673.515125754 -576.591735345
109299.390446 -673.49505796 -576.567739104
109425.169723 -673.498924406 -576.553713447
109550.837251 -673.521350784 -576.781471042
109676.636292 -673.491697562 -576.562048934
109802.278783 -673.471211406 -576.613379706
109927.985598 -673.508010624 -576.77671105
110053.732228 -673.479708413 -576.562216023
110179.527069 -673.501552555 -576.774377279
110305.263569 -673.483411762 -576.670222969
110431.114393 -673.470540719 -576.647674125
110556.866714 -673.475675667 -576.525651824
110682.629 -673.453465478 -576.443425517
110808.76558 -673.414073961 -576.682041604
110934.421878 -673.464363493 -576.663293863
111060.05828 -673.432313985 -576.671399884
111185.858513 -673.438043681 -576.543016847
111311.583739 -673.450007002 -576.620979012
111437.382354 -673.438768243 -576.647253848
111563.210387 -673.396177373 -576.575896573
111688.978121 -673.401642155 -576.561954889
111814.79058 -673.408572946 -576.472925014
111940.63683 -673.40534539 -576.592201969
112066.396035 -673.40387196 -576.516260807
112192.117219 -673.410097041 -576.488541108
112317.855345 -673.416002629 -576.760293059
112443.587796 -673.381327887 -576.763007791
112569.376354 -673.348302125 -576.485159772
112695.154463 -673.369474027 -576.53627829
112820.951777 -673.399552182 -576.537340296
112946.765041 -673.352925635 -576.64125944
113072.550221 -673.347400907 -576.427441641
113198.70829 -673.363132985 -576.347804016
113324.964151 -673.344112144 -576.687680217
113450.739714 -673.337724275 -576.521386296
113576.488293 -673.353713834 -576.565209021
113702.257187 -673.348015283 -576.448267172
113828.072929 -673.305926292 -576.597032482
113953.908018 -673.346985017 -576.577290618
114079.625207 -673.371540892 -576.561549322
114205.51232 -673.301122345 -576.437494178
114331.105021 -673.347584736 -576.626563798
114456.91862 -673.362910493 -576.458393745
114582.57447 -673.285224424 -576.612894088
114708.342672 -673.298196815 -576.520172695
114833.885104 -673.283362963 -576.64647599
114959.667092 -673.291516137 -576.409574781
115085.327238 -673.280343383 -576.41521502
115211.084093 -673.277756607 -576.492476073
115336.745584 -673.258539238 -576.431720211
115462.38836 -673.278680035 -576.610038296
115588.124215 -673.271716301 -576.456408219
115713.972667 -673.28118028 -576.360972987
115839.805541 -673.240532329 -576.434539579
115965.557346 -673.229493361 -576.383021979
116091.164704 -673.24901612 -576.683238269
116216.744114 -673.251060798 -576.452584728
116342.429556 -673.256795585 -576.331870643
116468.551437 -673.225737967 -576.423748958
116594.040438 -673.255437366 -576.657200328
116719.563222 -673.219633989 -576.377006842
116845.182771 -673.232816847 -576.428058427
116970.993545 -673.204155099 -576.397236769
117097.009736 -673.207922896 -576.344670927
117222.673374 -673.175449775 -576.457851399
117348.456736 -673.191669069 -576.494364453
117474.237232 -673.18896526 -576.28219251
117600.343955 -673.195092667 -576.402913744
117725.773565 -673.204452637 -576.327587729
117851.373742 -673.157006519 -576.484127823
117977.014583 -673.17552409 -576.566297295
118102.633137 -673.178864894 -576.368254789
118228.277086 -673.138813065 -576.305853329
118353.871785 -673.181828432 -576.632168185
118479.581981 -673.161608443 -576.432960715
118604.962513 -673.157154097 -576.645105245
118730.479157 -673.134426503 -576.493927446
118856.039384 -673.133611511 -576.38542206
118981.536767 -673.153325592 -576.379914245
119107.003374 -673.122259666 -576.431494094
119232.401864 -673.126872425 -576.30029293
119357.971749 -673.119814406 -576.581812356
119483.420465 -673.104885934 -576.314449191
119608.792351 -673.121261874 -576.516043957
119734.274851 -673.146567286 -576.375443862
119859.871837 -673.105989726 -576.332953757
119985.39376 -673.112083592 -576.552357499
120111.00587 -673.093724703 -576.374927958
120236.820434 -673.088150699 -576.451669132
120362.439444 -673.113807873 -576.39456363
120488.108829 -673.075452165 -576.322303232
120613.810622 -673.048596069 -576.533427197
120739.476406 -673.055324189 -576.422439288
120865.046096 -673.116128097 -576.273323803
120991.135774 -673.065236099 -576.262304417
121117.22864 -673.074050507 -576.491113452
121242.779733 -673.051654302 -576.382870707
121368.35593 -673.038761544 -576.34073771
121493.872867 -673.02872223 -576.423200054
121619.492639 -673.054952575 -576.308819763
121745.097567 -673.013632386 -576.336956546
121870.629562 -673.028571931 -576.200848528
121996.730054 -673.063276116 -576.47972878
122122.336569 -673.059399699 -576.486685078
122247.967941 -673.008483955 -576.218293198
122373.5371 -673.025760622 -576.143145488
122499.693074 -673.013660783 -576.540671168
122625.097872 -672.997927973 -576.298904003
122750.732525 -673.051305989 -576.732417881
122876.398028 -672.99533597 -576.313231688
123002.004657 -672.992854164 -576.248056798
123127.556108 -673.030629536 -576.391779157
123253.097667 -672.976703566 -576.33060986
123378.714416 -673.00096658 -576.298763624
123504.323784 -672.965430197 -576.458231204
123629.904793 -672.99776408 -576.38541314
123755.269789 -672.968571102 -576.288361807
123880.715792 -672.992685216 -576.228178115
124006.271277 -672.942242623 -576.247104719
124131.858734 -673.07662838 -576.153800021
124257.492578 -672.918575561 -576.2799868
124383.043894 -672.924521332 -576.316600744
124508.507751 -672.950719068 -576.509417544
124633.907502 -672.941090513 -576.245705181
124759.428416 -672.925490946 -576.186009117
124885.019742 -672.947005767 -576.362668369
125010.53596 -672.939816333 -576.185074075
125136.058131 -672.894463565 -576.212758788
125261.552634 -672.895028221 -576.256200526
125387.163528 -672.903085859 -576.276841457
125512.771053 -672.922505017 -576.211118026
125638.358467 -672.886867661 -576.285446106
125763.785232 -672.897065161 -576.174281743
125889.283411 -672.887256325 -576.218787777
126014.883862 -672.889504974 -576.375446443
126140.481375 -672.875024432 -576.276392814
126266.173515 -672.907736177 -576.110536017
126392.218505 -672.857367239 -576.169547533
126517.887472 -672.870344323 -576.330578215
126643.558877 -672.840854819 -576.196881999
126769.160842 -672.846124285 -576.237279591
126894.747302 -672.854610213 -576.212085642
127020.378632 -672.823461807 -576.290551143
127145.829071 -672.856098718 -576.172774707
127271.428117 -672.8498421 -576.147435324
127397.03357 -672.819391274 -576.24343859
127522.616141 -672.811376809 -576.181811056
127648.20847 -672.856743144 -576.319199457
127773.958173 -672.847832283 -576.37510641
127899.401736 -672.809285654 -576.095380993
128025.376481 -672.802386239 -576.124697418
128150.883754 -672.817676113 -576.269500189
128276.484786 -672.78895414 -576.108061508
128402.064914 -672.813070325 -576.159242089
128527.619594 -672.79417764 -576.171326507
128653.172234 -672.792538264 -576.313983651
128778.744906 -672.765983432 -576.187278049
128904.356716 -672.794763501 -576.235346632
129030.060949 -672.779194237 -576.355197922
129155.592438 -672.779408057 -576.20028818
129281.168472 -672.763144331 -576.133557793
129406.804762 -672.768047725 -576.188614689
129532.385943 -672.766410813 -576.168999267
129657.97749 -672.744881607 -576.164339276
129783.486306 -672.763758927 -576.184815925
129908.937318 -672.74700109 -576.192381941
130034.343731 -672.7459387 -576.371441746
130159.920652 -672.743105819 -576.074328518
130286.110308 -672.733352017 -576.210210128
130411.753105 -672.740029998 -576.35751053
130537.347613 -672.745538146 -576.325159646
130662.917453 -672.744898586 -576.33695421
130788.466352 -672.744811121 -576.234412956
130914.017654 -672.789921185 -576.219794702
131039.715318 -672.708097974 -576.15117954
131165.297864 -672.727311434 -576.374475811
131290.674897 -672.697145055 -576.274367697
131416.220801 -672.75727266 -576.130782869
131541.745471 -672.714547575 -576.248837632
131667.369242 -672.708720508 -576.088351994
131792.942084 -672.685143681 -576.156267799
131918.584896 -672.68799243 -576.297012225
132044.195181 -672.722485418 -576.107408111
132169.759723 -672.649423578 -576.223718305
132295.286685 -672.720104361 -576.103656045
132420.907452 -672.659312665 -576.021336439
132546.922198 -672.708196143 -576.050780504
132672.47618 -672.663019718 -576.127250308
132797.875917 -672.65598207 -576.214087254
132923.579699 -672.682332239 -576.116592969
133049.211396 -672.647316716 -576.043230186
133174.929253 -672.636725891 -576.182566524
133300.646223 -672.692618366 -576.207531788
133426.083567 -672.64100448 -576.176834144
133551.711651 -672.654319432 -576.126848389
133677.383551 -672.649778047 -575.995489278
133803.487705 -672.624935387 -576.133196879
133929.085364 -672.652547757 -576.136661372
134054.724106 -672.598941065 -576.240421356
134180.316581 -672.603068881 -576.328756589
134305.914899 -672.596593993 -576.066040639
134431.400093 -672.58860155 -576.05991684
134557.05212 -672.57479388 -576.182089763
134682.60082 -672.611855129 -576.046201688
134808.285036 -672.593513025 -576.15431778
134933.85869 -672.568061628 -576.172182567
135059.558683 -672.622619088 -576.135780541
135185.156367 -672.596476644 -576.195862057
135310.684492 -672.554066771 -576.182420315
135436.27523 -672.567622055 -576.121372862
135561.787733 -672.602520835 -576.201660473
135687.356415 -672.572535335 -576.113517056
135812.924636 -672.598421228 -576.489961379
135938.472295 -672.573534723 -576.093492262
136064.068812 -672.561657067 -576.200259946
136189.634041 -672.545306373 -576.023441755
136315.143937 -672.542742057 -576.03790844
136440.744541 -672.564834078 -576.051204606
136566.118586 -672.524719438 -576.016914274
136691.747444 -672.550168504 -576.056458756
136817.375489 -672.529573354 -576.251239932
136942.961887 -672.567411584 -576.086634536
137068.670031 -672.518942315 -576.114299549
137194.33775 -672.542491392 -576.053973374
137319.775356 -672.561779302 -576.116187181
137445.391869 -672.510523714 -575.954816868
137571.461399 -672.524631043 -576.225925879
137697.042183 -672.509670052 -576.179478695
137822.607427 -672.525365945 -576.082541395
137948.414885 -672.530490916 -576.093962117
138074.239464 -672.502410831 -576.013132952
138199.969219 -672.509763427 -576.037156904
138325.649341 -672.503701034 -576.047300789
138451.332917 -672.495357726 -576.107077763
138577.049033 -672.460687276 -576.002823749
138702.667007 -672.500850498 -576.540808539
138828.27043 -672.486013828 -576.118755044
138953.791089 -672.490399656 -576.09373673
139079.448229 -672.511186994 -576.003214013
139205.069708 -672.454982652 -575.91403732
139331.121139 -672.474252994 -576.035311192
139456.740029 -672.460514718 -575.967580739
139582.339824 -672.461898713 -576.15567857
139707.925613 -672.498431244 -576.093365714
139833.551077 -672.462812476 -575.984950518
139958.973238 -672.441458675 -575.966944271
140084.431654 -672.452445804 -576.032314706
140210.029759 -672.445881217 -576.06810778
140335.623068 -672.419059237 -576.067356915
140461.193652 -672.462092038 -575.978074584
140586.776449 -672.443025148 -576.414449971
140712.425677 -672.436541398 -576.072877635
140837.963259 -672.424724115 -576.029550451
140963.572731 -672.452579099 -575.994594778
141089.154377 -672.453822208 -575.929734586
141214.715012 -672.404822615 -575.964604945
141340.248302 -672.411034004 -576.059588934
141465.851522 -672.420555789 -576.022596541
141591.265777 -672.417773528 -575.981252061
141716.792113 -672.386252766 -575.900739463
141842.887218 -672.42255948 -575.903281666
141968.52462 -672.395831677 -576.102696919
142094.07055 -672.405332424 -576.196028536
142219.710275 -672.395109166 -575.951207148
142345.116514 -672.403566342 -575.91879461
142470.630088 -672.369479913 -575.940548111
142596.215394 -672.371277651 -575.985023694
142721.838607 -672.368815786 -575.993176283
142847.353297 -672.347242794 -575.900490807
142973.35094 -672.402086662 -576.159813418
143098.784362 -672.396670105 -576.112908449
143224.256326 -672.340377135 -575.992367258
143349.873662 -672.359199787 -576.095402357
143475.486498 -672.359310531 -576.041724689
143601.138768 -672.338217743 -575.881801872
143727.175502 -672.337647358 -576.004580279
143852.794625 -672.386162088 -576.06136942
143978.290207 -672.363314332 -576.042311808
144103.858783 -672.347308692 -576.075461817
144229.449804 -672.330423261 -576.076721654
144355.061461 -672.377950108 -575.950683074
144480.662286 -672.332025813 -576.015054808
144606.110842 -672.336650607 -575.956454616
144731.59166 -672.328021485 -576.208733771
144857.199246 -672.309733926 -576.14136406
144982.788676 -672.311059511 -576.008429992
145108.400554 -672.303996398 -576.14687611
145234.104915 -672.305484994 -576.03068298
145359.711184 -672.294885132 -575.951000765
145485.337335 -672.284339607 -575.930037757
145610.822718 -672.33541303 -575.909000362
145736.39389 -672.347599132 -575.989574844
145861.984321 -672.264768521 -576.069827693
145987.592541 -672.269466393 -575.983883951
146113.313348 -672.280299644 -576.033174216
146238.843418 -672.262323888 -575.888328015
146364.436873 -672.269508302 -576.027297518
146490.028336 -672.30330082 -575.964252787
146615.568389 -672.257510334 -575.832955993
146741.621312 -672.310867885 -576.072183974
146867.014472 -672.272487113 -576.010751611
146992.560381 -672.30729595 -576.017122579
147118.137736 -672.240703489 -575.977779496
147243.654864 -672.251497573 -575.903581947
147369.234155 -672.253467498 -576.003630158
147494.906269 -672.232367843 -575.905280445
147620.370545 -672.244306904 -576.000488626
147746.085354 -672.258383717 -575.942308105
147871.810418 -672.229270316 -575.829468768
147997.844205 -672.234633671 -575.903740039
148123.444352 -672.247029181 -576.083410669
148249.126746 -672.225179186 -575.836655909
148374.784113 -672.199259427 -575.970605157
148500.39764 -672.200098444 -575.955756498
148626.069843 -672.207528257 -576.083667906
148751.558034 -672.22041463 -575.960510892
148877.239105 -672.192470419 -575.877319057
149002.8595 -672.261263589 -575.889270958
149128.412684 -672.164095675 -575.919390926
149254.035816 -672.207975753 -576.096940411
149379.679039 -672.171813608 -575.950755415
149505.361239 -672.186848978 -575.919272311
149630.981539 -672.221834284 -575.960763438
149756.568788 -672.227206049 -575.944035244
149882.210358 -672.186003584 -576.054125461
150007.845591 -672.200702836 -576.02149539
150133.476186 -672.197993861 -575.833349835
150259.058928 -672.169991439 -575.902841587
150384.647445 -672.173071979 -575.804565384
150510.752251 -672.2071181 -575.920812765
150636.40621 -672.168769289 -575.768591914
150762.669512 -672.215666768 -575.948091806
150888.718678 -672.190474275 -576.009783514
151014.617394 -672.166002312 -576.025571444
151140.418166 -672.124386003 -575.756814779
151266.485737 -672.144097087 -575.926756659
151392.215388 -672.145086962 -575.991837347
151517.833195 -672.119476123 -575.849701159
151643.502635 -672.098581183 -575.77894737
151769.020816 -672.153052816 -575.990310492
151894.639364 -672.12256999 -575.880070631
152020.282105 -672.114804096 -575.906532951
152145.860052 -672.121949764 -575.951319502
152271.362484 -672.132674397 -576.079548607
152397.055286 -672.13502055 -575.929997899
152522.689801 -672.098492958 -575.833188283
152648.152526 -672.170999985 -575.921099526
152773.903166 -672.123711973 -576.077374424
152899.474973 -672.10034253 -575.856682408
153024.963297 -672.085498395 -575.864657559
153150.629974 -672.102501702 -575.828047058
153276.37621 -672.122216922 -576.176374157
153402.0149 -672.080756283 -575.759543133
153527.706514 -672.085832387 -575.950722737
153653.283923 -672.052949792 -575.743945987
153779.444339 -672.070838943 -575.733582358
153905.433004 -672.109758817 -575.893389435
154031.016762 -672.083149573 -575.926751625
154156.737249 -672.053239425 -575.895651484
154282.315123 -672.068211421 -575.97346506
154407.813459 -672.048259007 -575.850435054
154533.532952 -672.081175668 -575.691476646
154659.462111 -672.048627318 -575.828251574
154785.100336 -672.109578982 -575.988161379
154910.731129 -672.029525124 -575.993382664
155036.20342 -672.0594142 -575.990654712
155161.874213 -672.123895961 -575.883319282
155287.589842 -672.037107651 -575.758727861
155413.284774 -672.035203993 -575.952557536
155538.935393 -672.019822817 -575.771990873
155664.611393 -672.074675838 -575.827811135
155790.224062 -672.053531602 -575.791464739
155915.947887 -672.009405873 -575.738404603
156041.634211 -672.012050302 -576.067659669
156167.404153 -672.025231632 -575.739390042
156293.123032 -672.0622869 -575.603833663
156419.089416 -672.012641502 -575.721030596
156544.803011 -672.01588896 -575.83020303
156670.490067 -672.069589632 -575.813333158
156796.208466 -672.025147692 -575.898345938
156921.952729 -672.008438691 -575.711052172
157047.615058 -672.027933603 -575.93795643
157173.459368 -671.998229813 -575.76947073
157299.053957 -672.027820365 -575.823816827
157424.736326 -672.041895653 -576.131523751
157550.47289 -671.96748549 -575.929916331
157676.158428 -672.009115972 -575.767049497
157801.809621 -672.019354668 -575.749239733
157927.464349 -672.01484761 -575.793773203
158053.165942 -671.964758529 -575.833233481
158179.056508 -671.998829828 -575.729935912
158304.755901 -672.016432239 -575.720639262
158430.462113 -671.968360861 -575.795709518
158556.209514 -671.992962023 -575.865088588
158681.942765 -671.984615293 -575.849590994
158807.574374 -671.976555444 -575.936228147
158933.266084 -671.957352125 -575.75421061
159058.971571 -671.988691705 -575.684903179
159184.678686 -671.950507051 -575.781034466
159310.331995 -671.937867243 -575.817312338
159435.984432 -671.943470045 -575.874783079
159561.808909 -671.960843481 -575.725783539
159687.62939 -671.94090119 -575.828274935
159813.480816 -671.986993249 -575.664536279
159939.284356 -671.937231942 -575.665860598
160065.147361 -671.941013529 -575.725958834
160191.028286 -671.936818708 -575.601215123
160317.220377 -671.927096701 -575.807711717
160442.999644 -671.941578185 -575.707390133
160569.029613 -671.935328502 -575.601692075
160695.368272 -671.920726249 -575.758494197
160821.675109 -671.921226768 -575.760193879
160947.795069 -671.926794831 -575.607504532
161073.851289 -671.931014426 -575.827027126
161199.755754 -671.902618743 -575.728685914
161325.686181 -671.913585009 -575.864874004
161451.442401 -671.908308085 -575.76935547
161577.227962 -671.898459583 -575.676283354
161703.092095 -671.879954236 -575.662374878
161828.873369 -671.888489378 -575.690952033
161954.678642 -671.959007603 -575.610423378
162080.655995 -671.901184499 -575.863252936
162206.559525 -671.888871802 -575.712098782
162332.452064 -671.90680784 -575.680496662
162458.373106 -671.898668907 -575.820509404
162584.278898 -671.889179482 -575.755165675
162710.098649 -671.871218366 -575.783755637
162835.934704 -671.861177611 -575.68964471
162961.704363 -671.848570102 -575.758574451
163087.443009 -671.888760142 -575.788356502
163213.172725 -671.872982599 -575.788673246
163339.048684 -671.849154499 -575.748876418
163464.946352 -671.874241699 -575.700084738
163590.868302 -671.866598853 -575.755904509
163716.590585 -671.86107653 -575.845949644
163842.289323 -671.865646718 -575.619088221
163968.08034 -671.911401845 -575.636069647
164093.68412 -671.860328029 -575.760556994
164219.563913 -671.859872544 -575.799102342
164345.428066 -671.853617986 -575.791376861
164471.296248 -671.934959798 -575.855473706
164596.935918 -671.844157842 -575.78277978
164722.765412 -671.853865409 -575.755940968
164848.645073 -671.841250266 -575.650370048
164974.386734 -671.862357179 -575.899930834
165100.23299 -671.819686566 -575.638910384
165226.083888 -671.807758148 -575.739889577
165351.933899 -671.81577379 -575.71552263
165477.796968 -671.834630035 -575.636056394
165603.588916 -671.826928038 -575.588685611
165729.929905 -671.823400406 -575.610740488
165855.765436 -671.805004027 -575.738755538
165981.604135 -671.816452039 -575.711793363
166107.485613 -671.817532473 -575.739821432
166233.239566 -671.849070859 -575.726465025
166359.033635 -671.785613898 -575.730816159
166484.919639 -671.873458173 -575.862697543
166610.736593 -671.80101475 -575.772459918
166736.607301 -671.808896199 -575.734346571
166862.748909 -671.84481742 -575.451512504
166989.519582 -671.795575315 -575.751203131
167115.713551 -671.811030957 -575.583436227
167242.045715 -671.811011514 -575.796212697
167368.142637 -671.76135041 -575.69159353
167494.20884 -671.771715101 -575.627713596
167620.236715 -671.838509944 -575.513236845
167746.175329 -671.769421885 -575.571750747
167872.235006 -671.769298904 -575.660351987
167998.172816 -671.805546415 -575.642325912
168123.97253 -671.753430004 -575.624280043
168249.869054 -671.781714942 -575.659031598
168375.796155 -671.741892602 -575.614318083
168501.647606 -671.770775523 -575.554609576
168627.453866 -671.752812652 -575.664424766
168753.597581 -671.761526289 -575.635849001
168879.660756 -671.758034913 -575.732433049
169006.050072 -671.757218918 -575.663832612
169131.848411 -671.709085176 -575.588269537
169257.752814 -671.739893438 -575.554530367
169383.538895 -671.761594991 -575.785092882
169509.301055 -671.75797323 -575.863722062
169635.279027 -671.745252641 -575.684009169
169761.106953 -671.748803927 -575.695563325
169886.960825 -671.776241323 -575.709023652
170012.60216 -671.717958272 -575.721899498
170138.485031 -671.741644601 -575.589961283
170264.243402 -671.713764854 -575.699910148
170390.002089 -671.743165178 -575.546018812
170515.820924 -671.776362069 -575.586552457
170641.651945 -671.669521301 -575.758059751
170767.499433 -671.696301188 -575.689981143
170893.41366 -671.722060462 -575.679678333
171019.329516 -671.72819249 -575.409811104
171145.654752 -671.734825784 -575.606709828
171271.573928 -671.700061628 -575.579981287
171397.40861 -671.699665829 -575.61730399
171523.337862 -671.692590758 -575.585101368
171649.292098 -671.711600572 -575.648067939
171775.003248 -671.679663715 -575.555318909
171900.926501 -671.680119974 -575.621674876
172026.927247 -671.683986124 -575.730113271
172152.82789 -671.710446613 -575.742755716
172278.693082 -671.681849523 -575.68815903
172404.473505 -671.703443045 -575.713027506
172530.422257 -671.698593239 -575.527142351
172656.159719 -671.660827453 -575.648798972
172782.166166 -671.675048263 -575.692323991
172908.140506 -671.752487494 -575.585034598
173034.001206 -671.665549847 -575.602044482
173159.806661 -671.664576471 -575.550755757
173285.756466 -671.660775139 -575.643108703
173411.79827 -671.703291014 -575.731909803
173537.795195 -671.708401128 -575.59586111
173663.671097 -671.677236688 -575.560607602
173789.575111 -671.701785142 -575.71383103
173915.539387 -671.615586254 -575.59669704
174041.424574 -671.700554249 -575.53160644
174167.402151 -671.646901785 -575.606477564
174293.33205 -671.624577719 -575.568529071
174419.142222 -671.667374361 -575.641012791
174545.085076 -671.710239899 -575.597636465
174670.907804 -671.654288897 -575.605669084
174796.842674 -671.636888 -575.574885772
174923.061248 -671.649508307 -575.510306381
175049.017814 -671.659464815 -575.727512495
175175.02905 -671.629907019 -575.466650775
175300.725058 -671.601521823 -575.58994909
175426.491988 -671.650747552 -575.58592883
175552.26923 -671.614215139 -575.584207656
175678.095757 -671.597789594 -575.475136247
175803.926623 -671.634375508 -575.486162056
175929.634974 -671.615424295 -575.712298205
176055.394583 -671.621406115 -575.541947143
176181.162504 -671.608398844 -575.528135607
176306.87538 -671.644762133 -575.465441894
176432.701798 -671.601360205 -575.484319213
176558.503946 -671.593815816 -575.621040111
176684.353249 -671.623383491 -575.593931825
176810.237798 -671.619890619 -575.689554823
176936.114942 -671.618240235 -575.570156453
177061.979897 -671.629718698 -575.572738991
177187.735857 -671.577410344 -575.562866936
177313.598582 -671.584913973 -575.648195152
177439.361801 -671.589978702 -575.503561506
177565.079331 -671.648204109 -575.618520742
177690.839611 -671.599383599 -575.603224728
177816.640874 -671.575868869 -575.69202722
177943.062484 -671.594797932 -575.504247378
178071.445723 -671.593953611 -575.460007594
178197.397151 -671.584536934 -575.468789392
178323.358617 -671.552714261 -575.530132803
178449.260421 -671.565761161 -575.61030259
178575.169061 -671.61888343 -575.625155022
178701.008914 -671.563237424 -575.469726764
178826.83454 -671.541969249 -575.441961225
178952.649061 -671.556047168 -575.598495057
179078.416506 -671.529023235 -575.605384297
179204.366485 -671.542964887 -575.525508209
179330.29764 -671.678626264 -575.900279852
179456.078672 -671.532578827 -575.479012232
179581.903168 -671.555440911 -575.59361952
179707.809428 -671.595821497 -575.481390121
179833.616749 -671.523025424 -575.592267574
179959.430545 -671.552293743 -575.459086969
180085.0697 -671.519674175 -575.43302643
180210.963301 -671.541053786 -575.502377263
180336.78999 -671.568185094 -575.448123061
180462.688407 -671.528896695 -575.542405453
180588.813368 -671.570760303 -575.655618101
180716.490004 -671.557349013 -575.517809929
180843.91061 -671.496627457 -575.598124008
180969.706748 -671.516901322 -575.491850573
181095.729396 -671.540463989 -575.451267694
181221.724902 -671.524397484 -575.396657973
181348.071536 -671.508382402 -575.574304368
181473.858962 -671.533867714 -575.523598815
181599.617713 -671.510554642 -575.544275646
181725.337053 -671.497677181 -575.611307161
181851.039987 -671.533222344 -575.466613985
181976.786247 -671.534821411 -575.546654181
182102.669114 -671.520011549 -575.434217147
182228.438549 -671.543646198 -575.555636751
182354.228084 -671.510268268 -575.572378281
182480.011514 -671.51247506 -575.694594598
182605.940235 -671.480470799 -575.47801251
182731.744476 -671.505103773 -575.592709166
182857.453961 -671.514616233 -575.445614345
182983.275024 -671.491008854 -575.609524831
183109.090448 -671.481349318 -575.506973013
183234.986498 -671.497661881 -575.471142973
183360.877643 -671.477755152 -575.433878174
183486.707332 -671.476384144 -575.537979087
183612.666991 -671.476779895 -575.381842955
183739.060069 -671.45401583 -575.482721912
183864.988189 -671.523060831 -575.508584689
183990.976834 -671.466550036 -575.534254227
